Kansas 1 64 1 1 5 9 3 12 0 81.6 67.7
AustinPeay 1 64 16 188 227 0 1 9 3 76.0 76.0
Colorado 2 64 8 35 45 2 6 6 6 76.0 70.7
UConn 2 64 9 37 28 1 2 8 4 73.4 63.1
Maryland 3 64 5 15 20 1 5 7 5 76.1 66.3
SouthDakotaSt 3 64 12 31 80 0 0 10 2 76.3 67.8
Cal 4 64 4 16 21 2 4 9 3 75.1 67.0
Hawaii 4 64 13 86 68 0 1 10 2 77.6 66.5
Arizona 5 64 6 26 13 1 4 9 3 81.2 69.0
Vandy/WichSt 5 64 11 0 0 0 0 0 0 0.0 0.0
Miami 6 64 3 8 15 4 3 9 3 75.6 66.8
Buffalo 6 64 14 91 125 0 3 7 5 77.6 75.1
Iowa 7 64 7 28 22 4 5 5 7 78.1 68.7
Temple 7 64 10 63 76 1 4 9 3 68.7 67.4
Villanova 8 64 2 4 3 4 4 10 2 77.0 63.7
UNCAsheville 8 64 15 139 110 0 1 8 4 75.6 67.5
Oregon 9 64 1 2 17 5 1 10 2 78.8 69.1
HC/Southern 9 64 16 0 0 0 0 0 0 0.0 0.0
SaintJoe's 10 64 8 23 44 2 1 8 4 77.6 69.9
Cincinatti 10 64 9 44 27 1 3 8 4 73.2 62.9
Baylor 11 64 5 25 32 2 9 5 7 77.2 69.3
Yale 11 64 12 43 55 0 2 11 1 75.1 63.2
Duke 12 64 4 19 11 4 5 8 4 81.5 72.1
UNCWilmington 12 64 13 47 79 0 0 10 2 79.2 71.4
Texas 13 64 6 27 37 6 7 7 5 71.3 68.1
NorthernIowa 13 64 11 73 97 2 0 11 1 68.0 62.9
TexasA&M 14 64 3 18 16 3 0 8 4 75.9 65.5
GreenBay 14 64 14 120 124 0 0 9 3 84.2 79.7
OregonState 15 64 7 29 61 3 5 7 5 72.1 70.0
VCU 15 64 10 33 25 1 2 8 4 77.2 67.3
Oklahoma 16 64 2 6 6 7 4 7 5 80.4 70.4
CSUBakersfield 16 64 15 124 112 0 0 10 2 73.0 63.2
UNC 17 64 1 5 1 4 3 9 3 82.3 69.6
FGCU/FDU 17 64 16 0 0 0 0 0 0 0.0 0.0
USC 18 64 8 48 43 0 6 5 7 80.8 74.8
Providence 18 64 9 38 47 1 7 6 6 74.0 69.7
Indiana 19 64 5 24 19 2 2 8 4 82.3 68.0
Chattanooga 19 64 12 53 92 1 1 10 2 75.8 66.6
Kentucky 20 64 4 12 12 2 2 9 3 79.7 68.3
StonyBrook 20 64 13 64 98 0 0 10 2 76.8 63.4
NotreDame 21 64 6 32 33 4 5 7 5 75.7 70.6
Michigan/Tulsa 21 64 11 0 0 0 0 0 0 0.0 0.0
WestVirginia 22 64 3 10 7 6 5 8 4 79.2 66.6
SFAustin 22 64 14 70 71 0 1 12 0 80.7 63.2
Wisconsin 23 64 7 40 36 3 6 9 3 68.9 64.6
Pitt 23 64 10 49 42 1 7 5 7 76.0 67.9
Xavier 24 64 2 7 14 3 3 9 3 81.3 71.0
WeberState 24 64 15 108 130 0 0 10 2 76.7 66.9
UVA 25 64 1 3 2 8 3 9 3 70.4 59.7
Hampton 25 64 16 160 243 0 1 10 2 74.8 73.8
TexasTech 26 64 8 34 46 3 8 7 5 72.4 69.8
Butler 26 64 9 54 35 3 5 8 4 80.6 71.2
Purdue 27 64 5 14 10 2 2 9 3 77.7 64.6
LittleRock 27 64 12 45 62 0 0 10 2 70.9 59.6
IowaState 28 64 4 21 18 2 8 5 7 81.8 75.0
Iona 28 64 13 88 104 0 0 11 1 79.6 73.7
SetonHall 29 64 6 22 29 3 3 10 2 74.8 67.8 
Gonzaga 29 64 11 46 23 0 2 10 2 79.7 66.2
Utah 30 64 3 9 30 3 5 9 3 77.6 69.1
FresnoState 30 64 14 69 106 0 1 11 1 75.3 70.4
Dayton 31 64 7 20 40 0 3 8 4 73.2 65.8
Syracuse 31 64 10 68 39 2 5 6 6 70.2 65.7
MichiganState 32 64 2 11 4 5 1 11 1 79.8 63.4
MTSU 32 64 15 76 135 0 0 9 3 72.7 68.3